0.0000 0.9534 0.7343 0.7208 1.0730 0.9114 0.7581 1.1684 1.0079 0.8704 0.7512
0.9534 0.0000 0.2419 0.4127 0.2098 0.3305 0.2076 0.5935 0.4264 0.3871 0.2813
0.7343 0.2419 0.0000 0.2119 0.3414 0.4245 0.1546 0.5737 0.3827 0.2719 0.0827
0.7208 0.4127 0.2119 0.0000 0.4120 0.6363 0.3654 0.4601 0.2876 0.1496 0.1376
1.0730 0.2098 0.3414 0.4120 0.0000 0.5373 0.3887 0.4118 0.2816 0.3129 0.3265
0.9114 0.3305 0.4245 0.6363 0.5373 0.0000 0.2719 0.9194 0.7425 0.6716 0.5034
0.7581 0.2076 0.1546 0.3654 0.3887 0.2719 0.0000 0.7006 0.5123 0.4178 0.2362
1.1684 0.5935 0.5737 0.4601 0.4118 0.9194 0.7006 0.0000 0.1911 0.3188 0.5019
1.0079 0.4264 0.3827 0.2876 0.2816 0.7425 0.5123 0.1911 0.0000 0.1383 0.3115
0.8704 0.3871 0.2719 0.1496 0.3129 0.6716 0.4178 0.3188 0.1383 0.0000 0.1921
0.7512 0.2813 0.0827 0.1376 0.3265 0.5034 0.2362 0.5019 0.3115 0.1921 0.0000
