0.0000 0.4881 0.1823 0.2362 0.2796 0.2910 0.3787 0.1556 0.3526 0.5142 0.4281 0.1946 0.4839 0.1228 0.5088 0.5127 0.4686 0.5914 0.6029 0.5536 0.4103 0.3814 0.5756 0.2464 0.3271 0.2234 0.4417 0.4173 0.2551 0.3683
0.4881 0.0000 0.5323 0.5986 0.7361 0.4941 0.6517 0.4229 0.1629 0.0831 0.0714 0.6634 0.3017 0.4235 0.2714 0.1316 0.5689 0.1490 0.1173 1.0416 0.2338 0.8168 0.0958 0.5609 0.4660 0.7094 0.3262 0.8239 0.5149 0.8415
0.1823 0.5323 0.0000 0.4123 0.2202 0.4708 0.5590 0.1107 0.3717 0.5297 0.4623 0.1769 0.4159 0.2921 0.4538 0.5102 0.3052 0.5952 0.6336 0.5746 0.3728 0.2859 0.6026 0.0640 0.5024 0.2538 0.3628 0.5618 0.0869 0.4584
0.2362 0.5986 0.4123 0.0000 0.4184 0.1557 0.1509 0.3876 0.5100 0.6509 0.5583 0.3408 0.6862 0.1924 0.7017 0.6660 0.7048 0.7316 0.7147 0.5334 0.6004 0.5247 0.6942 0.4753 0.2100 0.3057 0.6524 0.2253 0.4903 0.2910
0.2796 0.7361 0.2202 0.4184 0.0000 0.5369 0.5655 0.3178 0.5809 0.7428 0.6686 0.0865 0.6346 0.3984 0.6735 0.7270 0.4690 0.8115 0.8434 0.3639 0.5926 0.1076 0.8132 0.2323 0.5832 0.1211 0.5806 0.4752 0.2861 0.3141
0.2910 0.4941 0.4708 0.1557 0.5369 0.0000 0.1577 0.4096 0.4429 0.5588 0.4684 0.4524 0.6446 0.1831 0.6498 0.5840 0.7298 0.6378 0.6051 0.6888 0.5517 0.6445 0.5891 0.5343 0.0543 0.4369 0.6219 0.3554 0.5334 0.4467
0.3787 0.6517 0.5590 0.1509 0.5655 0.1577 0.0000 0.5224 0.5963 0.7165 0.6257 0.4904 0.7917 0.3041 0.8004 0.7408 0.8439 0.7955 0.7618 0.6269 0.7006 0.6704 0.7464 0.6226 0.1912 0.4491 0.7646 0.2367 0.6338 0.3829
0.1556 0.4229 0.1107 0.3876 0.3178 0.4096 0.5224 0.0000 0.2641 0.4251 0.3536 0.2556 0.3424 0.2267 0.3738 0.4100 0.3223 0.4941 0.5268 0.6544 0.2826 0.3939 0.4962 0.1542 0.4319 0.3198 0.2951 0.5719 0.1307 0.5039
0.3526 0.1629 0.3717 0.5100 0.5809 0.4429 0.5963 0.2641 0.0000 0.1637 0.0916 0.5127 0.2143 0.3193 0.2096 0.1611 0.4253 0.2390 0.2627 0.9019 0.1207 0.6572 0.2323 0.3981 0.4322 0.5660 0.2118 0.7311 0.3521 0.7186
0.5142 0.0831 0.5297 0.6509 0.7428 0.5588 0.7165 0.4251 0.1637 0.0000 0.0927 0.6761 0.2360 0.4670 0.1995 0.0522 0.5217 0.0807 0.1086 1.0653 0.1871 0.8155 0.0765 0.5493 0.5353 0.7295 0.2700 0.8756 0.4991 0.8774
0.4281 0.0714 0.4623 0.5583 0.6686 0.4684 0.6257 0.3536 0.0916 0.0927 0.0000 0.5978 0.2520 0.3751 0.2298 0.1176 0.5032 0.1733 0.1760 0.9812 0.1729 0.7474 0.1476 0.4898 0.4473 0.6469 0.2680 0.7830 0.4436 0.7879
0.1946 0.6634 0.1769 0.3408 0.0865 0.4524 0.4904 0.2556 0.5127 0.6761 0.5978 0.0000 0.5892 0.3121 0.6247 0.6644 0.4643 0.7478 0.7736 0.4006 0.5374 0.1928 0.7442 0.2118 0.4978 0.0807 0.5374 0.4271 0.2580 0.2921
0.4839 0.3017 0.4159 0.6862 0.6346 0.6446 0.7917 0.3424 0.2143 0.2360 0.2520 0.5892 0.0000 0.4951 0.0475 0.1865 0.3008 0.2528 0.3341 0.9895 0.0946 0.6821 0.3047 0.4086 0.6401 0.6596 0.0558 0.8954 0.3531 0.8456
0.1228 0.4235 0.2921 0.1924 0.3984 0.1831 0.3041 0.2267 0.3193 0.4670 0.3751 0.3121 0.4951 0.0000 0.5095 0.4777 0.5481 0.5475 0.5408 0.6351 0.4082 0.5024 0.5173 0.3545 0.2104 0.3249 0.4637 0.4118 0.3506 0.4200
0.5088 0.2714 0.4538 0.7017 0.6735 0.6498 0.8004 0.3738 0.2096 0.1995 0.2298 0.6247 0.0475 0.5095 0.0000 0.1480 0.3479 0.2079 0.2923 1.0253 0.1014 0.7244 0.2639 0.4503 0.6414 0.6931 0.1014 0.9153 0.3949 0.8740
0.5127 0.1316 0.5102 0.6660 0.7270 0.5840 0.7408 0.4100 0.1611 0.0522 0.1176 0.6644 0.1865 0.4777 0.1480 0.0000 0.4781 0.0851 0.1493 1.0586 0.1497 0.7945 0.1187 0.5243 0.5644 0.7221 0.2244 0.8891 0.4721 0.8795
0.4686 0.5689 0.3052 0.7048 0.4690 0.7298 0.8439 0.3223 0.4253 0.5217 0.5032 0.4643 0.3008 0.5481 0.3479 0.4781 0.0000 0.5520 0.6272 0.8293 0.3366 0.4725 0.5960 0.2538 0.7477 0.5450 0.2542 0.8670 0.2192 0.7558
0.5914 0.1490 0.5952 0.7316 0.8115 0.6378 0.7955 0.4941 0.2390 0.0807 0.1733 0.7478 0.2528 0.5475 0.2079 0.0851 0.5520 0.0000 0.0934 1.1403 0.2327 0.8796 0.0755 0.6093 0.6125 0.8040 0.2982 0.9563 0.5569 0.9562
0.6029 0.1173 0.6336 0.7147 0.8434 0.6051 0.7618 0.5268 0.2627 0.1086 0.1760 0.7736 0.3341 0.5408 0.2923 0.1493 0.6272 0.0934 0.0000 1.1564 0.2950 0.9195 0.0321 0.6559 0.5733 0.8227 0.3736 0.9399 0.6065 0.9586
0.5536 1.0416 0.5746 0.5334 0.3639 0.6888 0.6269 0.6544 0.9019 1.0653 0.9812 0.4006 0.9895 0.6351 1.0253 1.0586 0.8293 1.1403 1.1564 0.0000 0.9370 0.3686 1.1288 0.5955 0.7431 0.3365 0.9372 0.4144 0.6483 0.2456
0.4103 0.2338 0.3728 0.6004 0.5926 0.5517 0.7006 0.2826 0.1207 0.1871 0.1729 0.5374 0.0946 0.4082 0.1014 0.1497 0.3366 0.2327 0.2950 0.9370 0.0000 0.6529 0.2631 0.3798 0.5460 0.6022 0.0955 0.8142 0.3262 0.7772
0.3814 0.8168 0.2859 0.5247 0.1076 0.6445 0.6704 0.3939 0.6572 0.8155 0.7474 0.1928 0.6821 0.5024 0.7244 0.7945 0.4725 0.8796 0.9195 0.3686 0.6529 0.0000 0.8884 0.2743 0.6905 0.2217 0.6266 0.5633 0.3295 0.3869
0.5756 0.0958 0.6026 0.6942 0.8132 0.5891 0.7464 0.4962 0.2323 0.0765 0.1476 0.7442 0.3047 0.5173 0.2639 0.1187 0.5960 0.0755 0.0321 1.1288 0.2631 0.8884 0.0000 0.6242 0.5595 0.7944 0.3429 0.9195 0.5746 0.9336
0.2464 0.5609 0.0640 0.4753 0.2323 0.5343 0.6226 0.1542 0.3981 0.5493 0.4898 0.2118 0.4086 0.3545 0.4503 0.5243 0.2538 0.6093 0.6559 0.5955 0.3798 0.2743 0.6242 0.0000 0.5650 0.2922 0.3534 0.6175 0.0555 0.5023
0.3271 0.4660 0.5024 0.2100 0.5832 0.0543 0.1912 0.4319 0.4322 0.5353 0.4473 0.4978 0.6401 0.2104 0.6414 0.5644 0.7477 0.6125 0.5733 0.7431 0.5460 0.6905 0.5595 0.5650 0.0000 0.4867 0.6219 0.4043 0.5594 0.5009
0.2234 0.7094 0.2538 0.3057 0.1211 0.4369 0.4491 0.3198 0.5660 0.7295 0.6469 0.0807 0.6596 0.3249 0.6931 0.7221 0.5450 0.8040 0.8227 0.3365 0.6022 0.2217 0.7944 0.2922 0.4867 0.0000 0.6093 0.3565 0.3371 0.2117
0.4417 0.3262 0.3628 0.6524 0.5806 0.6219 0.7646 0.2951 0.2118 0.2700 0.2680 0.5374 0.0558 0.4637 0.1014 0.2244 0.2542 0.2982 0.3736 0.9372 0.0955 0.6266 0.3429 0.3534 0.6219 0.6093 0.0000 0.8566 0.2979 0.7990
0.4173 0.8239 0.5618 0.2253 0.4752 0.3554 0.2367 0.5719 0.7311 0.8756 0.7830 0.4271 0.8954 0.4118 0.9153 0.8891 0.8670 0.9563 0.9399 0.4144 0.8142 0.5633 0.9195 0.6175 0.4043 0.3565 0.8566 0.0000 0.6479 0.1926
0.2551 0.5149 0.0869 0.4903 0.2861 0.5334 0.6338 0.1307 0.3521 0.4991 0.4436 0.2580 0.3531 0.3506 0.3949 0.4721 0.2192 0.5569 0.6065 0.6483 0.3262 0.3295 0.5746 0.0555 0.5594 0.3371 0.2979 0.6479 0.0000 0.5442
0.3683 0.8415 0.4584 0.2910 0.3141 0.4467 0.3829 0.5039 0.7186 0.8774 0.7879 0.2921 0.8456 0.4200 0.8740 0.8795 0.7558 0.9562 0.9586 0.2456 0.7772 0.3869 0.9336 0.5023 0.5009 0.2117 0.7990 0.1926 0.5442 0.0000
